image_width: 1280
image_height: 960
camera_name: camera
camera_matrix:
  rows: 3
  cols: 3
  data: [710.953094, 0.000000, 616.291388, 0.000000, 710.387996, 484.864687, 0.000000, 0.000000, 1.000000]
distortion_model: plumb_bob
distortion_coefficients:
  rows: 1
  cols: 5
  data: [-0.315756, 0.101760, 0.000527, -0.002149, 0.000000]
rectification_matrix:
  rows: 3
  cols: 3
  data: [1.000000, 0.000000, 0.000000, 0.000000, 1.000000, 0.000000, 0.000000, 0.000000, 1.000000]
projection_matrix:
  rows: 3
  cols: 4
  data: [554.506470, 0.000000, 614.476546, 0.000000, 0.000000, 594.635803, 487.806392, 0.000000, 0.000000, 0.000000, 1.000000, 0.000000]
