image_width: 1280
image_height: 960
camera_name: camera
camera_matrix:
  rows: 3
  cols: 3
  data: [1014.576616, 0.000000, 645.633271, 0.000000, 1018.799712, 469.366404, 0.000000, 0.000000, 1.000000]
distortion_model: plumb_bob
distortion_coefficients:
  rows: 1
  cols: 5
  data: [-0.417838, 0.162591, -0.001958, -0.001886, 0.000000]
rectification_matrix:
  rows: 3
  cols: 3
  data: [1.000000, 0.000000, 0.000000, 0.000000, 1.000000, 0.000000, 0.000000, 0.000000, 1.000000]
projection_matrix:
  rows: 3
  cols: 4
  data: [816.886658, 0.000000, 643.232141, 0.000000, 0.000000, 913.496704, 464.618795, 0.000000, 0.000000, 0.000000, 1.000000, 0.000000]
